5000 3.69038
6000 3.73625
7200 3.73284
8640 3.69822
10368 3.68775
12441 3.68081
14929 3.68937
17915 3.77503
21499 3.73698
25798 3.70256
30958 3.7221
37150 4.04184
44580 4.43792
53496 4.74796
64195 4.98784
77035 3.6781
92442 5.35436
110930 5.47642
133116 3.6697
159740 3.27496
191688 2.82115
230025 2.60716
276030 4.55021
331236 5.03851
397484 5.73273
476981 6.24453
572377 2.61184
686852 2.61643
824223 2.60744
989068 2.66829
1186881 2.69177
1424258 2.68781
1709109 2.64245
2050931 11.8423
2461118 12.4509
2953342 13.1169
3544010 2.6795
4252812 15.2831
5103375 14.2801
6124050 15.9337
7348860 3.16431
8818632 19.2632
10582358 2.66565
12698830 3.81912
15238596 3.7717
18286316 43.0227
